nosai-screen-samples 1
-8 0 218 419 1024 768 120
-6 -1 290 402 1024 768 120
7 -1 776 420 1024 768 120
6 0 726 437 1024 768 120
7 0 781 424 1024 768 120
5 6 735 556 1024 768 120
6 4 771 525 1024 768 120
-13 -12 92 244 1024 768 120
6 6 750 545 1024 768 120
-1 15 439 685 1024 768 120
-2 17 409 725 1024 768 120
0 7 532 578 1024 768 120
-4 8 321 601 1024 768 120
-1 9 487 607 1024 768 120
-6 7 244 562 1024 768 120
-4 5 330 535 1024 768 120
-4 6 330 555 1024 768 120
0 -11 526 265 1024 768 120
1 -13 532 243 1024 768 120
13 -17 942 91 1024 768 120
